4294967278,64
4294967279,65
197,2
4294967279,265
4294967279,255
908,9
908,0
908,8
4294967278,325
4294967278,254
4294967278,62
4294967279,62
4294967279,61
4294967279,60
4294967278,213
912,6
912,5
912,4
912,3
912,2
912,1
4294967279,206
4294967279,204
4294967279,203
4294967278,200
4294967279,201
4294967278,197
4294967278,199
4294967279,200
4294967279,199
4294967279,197
4294967279,196
4294967278,193
4294967278,192
4294967279,390
909,5
4294967279,190
909,4
909,3
909,2
909,1
4294967278,484
4294967279,189
4294967279,188
4294967294,785
4294967294,1597
4294967278,184
4294967279,187
4294967279,186
908,7
4294967279,183
4294967294,93
4294967294,95
4294967278,183
908,6
4294967279,59
4294967279,179
4294967278,176
4294967278,173
4294967279,172
908,5
4294967278,172
908,4
4294967279,173
908,3
908,2
908,1
4294967278,171
4294967279,171
4294967278,169
4294967279,170
4294967278,168
4294967279,169
4294967278,483
4294967279,168
4294967294,1427
4294967294,497
4294967279,167
4294967279,166
906,5
4294967278,163
4294967279,164
4294967278,162
906,4
4294967279,163
906,3
906,2
906,1
4294967279,389
4294967278,161
4294967294,1596
4294967279,162
4294967278,160
4294967294,905
4294967279,159
4294967279,158
4294967278,156
4294967279,156
4294967278,155
4294967278,482
4294967279,155
4294967278,154
4294967294,1415
4294967279,153
4294967279,150
4294967278,152
905,6
4294967279,152
905,5
4294967278,151
905,4
4294967279,151
905,3
905,2
905,1
4294967278,150
4294967278,147
4294967279,146
4294967278,145
4294967279,145
4294967279,144
4294967279,143
4294967279,140
4294967279,142
4294967279,141
4294967279,139
4294967279,273
4294967279,137
4294967279,136
4294967279,135
902,4
4294967279,133
902,3
902,2
902,1
4294967279,285
4294967279,284
4294967279,270
901,4
901,3
901,2
901,1
4294967279,269
4294967279,268
4294967279,267
4294967279,388
4294967279,266
900,6
900,5
4294967279,262
900,4
900,3
900,2
900,1
4294967294,114
4294967279,387
4294967279,256
899,5
4294967279,517
4294967278,258
899,4
899,3
899,2
899,1
4294967278,329
4294967294,1638
4294967278,328
4294967278,326
898,5
898,4
4294967278,255
898,3
898,2
898,1
4294967278,379
4294967294,1595
897,5
897,4
897,3
897,2
897,1
0,7
4294967294,1112
4294967294,1111
4294967279,386
4294967278,238
4294967279,385
4294967279,384
4294967278,220
4294967293,131
4294967293,130
4294967293,129
4294967293,128
4294967293,127
4294967293,126
4294967293,125
4294967293,124
4294967293,123
4294967293,122
4294967293,121
4294967293,120
4294967293,119
4294967293,118
4294967293,117
4294967293,116
4294967293,115
4294967293,114
4294967293,113
4294967293,112
4294967293,111
4294967293,110
4294967293,109
4294967293,108
4294967293,107
4294967293,106
4294967293,105
4294967293,104
4294967293,103
4294967293,102
4294967293,101
4294967293,100
4294967293,99
4294967293,98
4294967293,97
4294967293,96
4294967293,95
4294967293,94
4294967293,93
4294967294,1432
4294967293,92
4294967294,1417
4294967294,178
4294967293,91
4294967293,90
4294967293,89
4294967293,87
4294967293,86
4294967293,85
4294967293,84
4294967293,83
4294967293,82
4294967293,81
4294967293,80
4294967293,79
4294967293,78
4294967293,77
4294967293,76
4294967293,75
4294967293,74
4294967293,73
4294967293,72
4294967293,71
4294967293,70
4294967293,69
4294967293,68
4294967293,67
4294967293,66
4294967293,65
4294967293,64
4294967293,63
4294967293,62
4294967293,61
4294967293,60
4294967293,59
4294967293,58
4294967293,57
4294967293,56
4294967293,55
4294967293,54
4294967293,53
4294967293,52
4294967293,51
4294967293,50
4294967293,49
4294967293,48
4294967293,47
4294967293,46
4294967293,45
4294967293,44
4294967293,43
4294967293,42
4294967293,41
4294967293,40
4294967293,39
4294967293,38
4294967293,37
4294967293,36
4294967293,35
4294967293,34
4294967293,33
4294967293,32
4294967293,31
4294967293,30
4294967293,29
4294967293,28
4294967293,27
4294967293,26
4294967293,25
4294967293,24
4294967293,23
4294967293,22
4294967293,21
4294967293,20
4294967293,19
4294967293,18
4294967293,17
4294967293,16
4294967293,15
4294967293,14
4294967293,13
4294967293,12
4294967293,11
4294967293,10
4294967293,9
4294967293,8
4294967293,7
4294967293,6
4294967293,5
4294967293,4
4294967293,3
4294967278,131
4294967278,130
4294967278,310
4294967278,127
4294967278,126
4294967278,121
4294967278,115
4294967278,112
4294967278,105
4294967278,291
4294967278,86
4294967278,85
4294967278,82
4294967278,81
4294967278,79
4294967278,78
4294967278,68
4294967278,63
4294967278,58
4294967278,57
4294967278,417
4294967278,56
4294967278,361
4294967278,55
4294967278,54
4294967278,53
4294967278,51
4294967278,50
4294967278,217
4294967278,49
4294967278,47
4294967278,46
4294967278,44
4294967278,297
4294967278,43
4294967278,42
4294967278,41
4294967278,40
4294967278,39
4294967278,360
4294967278,38
4294967278,37
4294967278,36
4294967278,35
4294967278,34
4294967278,33
4294967278,32
4294967278,31
4294967278,30
4294967278,29
4294967278,28
4294967278,27
4294967278,26
4294967278,25
4294967278,24
4294967278,23
4294967278,22
4294967278,21
4294967278,20
4294967278,19
4294967278,18
4294967278,17
4294967278,16
4294967278,2
4294967278,260
4294967278,348
4294967279,89
4294967279,87
4294967279,86
4294967279,79
4294967279,74
4294967279,69
4294967279,68
4294967279,64
4294967279,63
4294967279,58
4294967279,57
4294967279,313
4294967279,56
4294967279,54
4294967279,53
4294967279,371
4294967279,52
4294967279,51
4294967279,286
4294967279,50
4294967279,49
4294967279,48
4294967279,47
4294967279,46
4294967279,44
4294967279,254
4294967279,43
4294967279,42
4294967279,39
4294967279,346
4294967279,38
4294967279,347
4294967279,37
4294967279,34
4294967279,28
4294967279,27
4294967279,23
4294967279,22
4294967279,17
4294967279,2
4294967279,260
4294967279,13
4294967279,10
4294967279,174
4294967279,538
4294967279,7
4294967279,4
197,4
4294967278,481
4294967278,212
4294967278,99
4294967279,438
4294967278,95
4294967278,207
4294967278,480
4294967279,437
4294967279,0
4294967278,94
4294967278,93
4294967279,205
4294967278,92
4294967278,91
4294967294,89
4294967294,182
4294967294,173
4294967294,40
4294967294,38
4294967294,37
4294967294,96
4294967294,94
4294967278,479
4294967278,89
4294967278,478
4294967278,0
4294967278,90
4294967279,90
4294967278,87
4294967294,424
0,5
4294967279,85
4294967278,84
4294967279,84
4294967278,83
4294967294,50
4294967294,180
4294967294,7
4294967294,6
4294967294,5
4294967294,30
4294967294,36
4294967294,39
4294967294,115
4294967294,113
4294967294,81
4294967294,974
4294967294,184
4294967294,188
4294967294,185
4294967294,11
4294967294,22
4294967294,17
4294967294,42
4294967294,76
4294967294,41
4294967294,975
4294967294,18
4294967294,127
4294967294,14
4294967294,126
4294967294,20
4294967294,13
4294967294,166
4294967294,12
4294967294,168
4294967294,162
4294967294,1414
4294967294,67
4294967294,68
4294967294,470
4294967294,954
4294967294,1268
4294967294,1435
4294967294,474
4294967294,2183
4294967294,1272
4294967294,923
4294967294,971
4294967294,978
4294967294,1428
4294967279,271
4294967278,443
4294967279,351
4294967294,488
4294967294,106
4294967294,742
4294967294,741
4294967294,738
4294967294,737
4294967294,735
4294967294,734
4294967294,733
4294967294,731
4294967294,729
4294967294,728
4294967294,727
4294967294,726
4294967294,723
4294967294,711
4294967294,150
4294967294,697
4294967294,1425
4294967294,685
4294967294,674
4294967294,914
4294967294,657
4294967294,656
4294967294,653
4294967294,652
4294967294,651
4294967294,650
4294967294,638
4294967294,637
4294967294,634
4294967294,633
4294967294,630
4294967294,629
4294967294,1570
4294967294,626
4294967294,625
4294967294,624
4294967294,1438
4294967294,617
4294967294,616
4294967294,614
4294967294,613
4294967294,611
4294967294,608
4294967294,607
4294967294,604
4294967294,603
4294967294,601
4294967294,600
4294967294,599
4294967294,593
4294967294,590
4294967294,583
4294967294,313
4294967294,308
4294967294,305
4294967294,304
4294967294,294
4294967294,104
4294967294,1627
4294967294,270
4294967294,1422
4294967294,265
4294967294,1569
4294967294,1568
4294967294,1610
4294967294,258
4294967294,253
4294967294,1567
4294967294,1662
4294967294,240
4294967294,239
4294967294,1566
4294967294,501
4294967294,574
4294967294,218
4294967294,215
4294967294,1434
4294967294,1139
4294967294,1645
4294967294,24
4294967294,202
4294967294,200
4294967294,199
4294967294,1565
4294967294,1564
4294967294,196
4294967294,194
4294967294,99
1,0
4294967294,1563
4294967294,566
4294967294,1132
4294967294,557
4294967294,1635
4294967294,1259
4294967294,1630
4294967294,1421
4294967294,571
4294967294,1559
4294967294,1253
4294967294,1562
4294967294,1560
4294967294,1558
4294967294,393
4294967294,1557
4294967294,1561
4294967294,428
4294967294,1629
4294967294,2
4294967294,1136
4294967294,26
4294967294,1141
4294967294,899
4294967294,1420
4294967294,107
4294967294,1216
4294967294,83
4294967294,1151
4294967294,28
4294967294,27
4294967294,46
4294967294,1
4294967294,1639
4294967294,44
4294967294,25
4294967294,29
4294967294,1426
4294967294,51
4294967294,53
4294967294,443
4294967294,52
4294967294,45
4294967294,3
4294967294,92
4294967294,91
4294967294,90
4294967294,88
4294967294,87
4294967294,86
4294967294,85
4294967294,981
4294967294,82
4294967294,43
4294967294,8
4294967278,435
4294967279,349
4294967279,342
4294967278,432
4294967279,549
4294967278,431
4294967278,364
4294967279,540
4294967278,419
4294967279,336
4294967279,333
4294967279,533
4294967278,429
4294967279,519
4294967278,427
4294967279,340
4294967279,373
4294967278,423
4294967278,421
4294967278,367
4294967279,332
4294967279,338
4294967279,331
4294967279,330
4294967278,418
4294967279,315
4294967278,331
4294967279,217
4294967278,359
4294967278,400
4294967279,350
4294967278,433
4294967294,1556
4294967294,1555
4294967294,2239
4294967294,1554
4294967294,1553
4294967294,1552
4294967294,1551
4294967294,1469
4294967294,1550
4294967294,395
4294967294,1600
4294967294,1269
4294967294,900
4294967294,1621
4294967294,1416
4294967294,1616
4294967294,1617
4294967294,432
4294967294,807
4294967294,1256
4294967294,1448
4294967294,1134
